20500003794901
20500103758562
20500203773025
20500303791001
20500403869031
20500503896081
20500603917855
20500703978143
20500803903983
20500904223778
20501004230322
20501104027959
20501203941299
20501303923270
20501403933929
20501503952423
20501603853629
20501704012263
20501803936904
20501904064299
20502004037599
20502103764802
20502203555718
20502303489233
20502403409873
20502503421099
20502603328203
20502703434987
20502803450602
20502904087176
20503003999004
20503103810183
20503203774385
20503303840938
20503404086860
20503504288078
20503604349620
20503704469476
20503804290207
20503904782575
20504004666685
20504104493582
20504204487560
20504304424004
20504404407398
20504504268017
20504604033859
20504703958468
20504803681489
20504903863960
20505003720935
20505103504329
20505203475657
20505303754218
20505402769220
20505502749739
20505602786795
20505702947472
20505802404462
20505902418766
20506002259141
20506102179759
20506202132873
20506302030730
20506402051769
20506502033933
20506601862107
20506701849893
20506801788769
20506901875238
20507001843087
20507101784744
20507201802080
20507301674285
20507401621378
20507501610943
20507601530137
20507701450062
20507801456186
20507901367231
20508001172978
20508101065672
20508200963587
20508300890893
20508400807104
20508500693158
20508600607940
20508700536762
20508800452814
20508900387893
20509000327827
20509100273709
20509200226917
20509300180330
20509400143772
20509500118131
20509600088924
20509700065909
20509800046278
20509900037194
20510000071615
01200000017917
01200100017802
01200200017701
01200300017613
01200400017536
01200500017470
01200600017414
01200700017366
01200800017327
01200900017293
01201000017263
01201100017233
01201200017199
01201300017160
01201400017115
01201500017069
01201600017018
01201700016952
01201800016866
01201900016765
01202000016656
01202100016546
01202200016434
01202300016323
01202400016212
01202500016094
01202600015971
01202700015851
01202800015735
01202900015621
01203000015504
01203100015376
01203200015233
01203300015070
01203400014890
01203500014702
01203600014510
01203700014307
01203800014091
01203900013865
01204000013629
01204100013391
01204200013163
01204300012949
01204400012745
01204500012538
01204600012320
01204700012091
01204800011845
01204900011585
01205000011320
01205100011048
01205200010757
01205300010443
01205400010113
01205500009774
01205600009435
01205700009095
01205800008757
01205900008423
01206000008087
01206100007750
01206200007425
01206300007113
01206400006812
01206500006517
01206600006221
01206700005923
01206800005618
01206900005311
01207000005005
01207100004706
01207200004412
01207300004125
01207400003844
01207500003569
01207600003300
01207700003035
01207800002773
01207900002518
01208000002271
01208100002033
01208200001807
01208300001594
01208400001392
01208500001203
01208600001025
01208700000863
01208800000718
01208900000589
01209000000475
01209100000374
01209200000287
01209300000212
01209400000152
01209500000106
01209600000076
01209700000062
01209800000066
01209900000090
01210000000050
